6633 16593 6626 16678 
6626 16678 6650 16848 
6650 16848 6707 17085 
6707 17085 6776 17297 
6776 17297 6944 17515 
6944 17515 7099 17646 
7099 17646 7334 17781 
7334 17781 7616 17913 
7616 17913 7900 18018 
7900 18018 8230 18053 
8230 18053 8643 18083 
8643 18083 9019 18052 
9019 18052 9441 18001 
9441 18001 9792 17881 
9792 17881 10070 17703 
10070 17703 10282 17362 
10282 17362 10319 17106 
10319 17106 9946 17107 
9946 17107 9945 17458 
9945 17458 9976 17462 
9976 17462 9977 17644 
9977 17644 9157 17644 
9157 17644 9156 17462 
9156 17462 9194 17458 
9194 17458 9193 17108 
9193 17108 8783 17106 
8783 17106 8779 17659 
8779 17659 8325 17659 
8325 17659 8323 17637 
8323 17637 7914 17637 
7914 17637 7911 17658 
7911 17658 7726 17658 
7726 17658 7725 16593 
7725 16593 7345 16596 
7345 16596 7346 17268 
7346 17268 7157 17270 
7157 17270 7157 16593 
7157 16593 6633 16593
9761 17109 9759 17439 
9759 17439 9383 17441 
9383 17441 9383 17109 
8324 17113 8321 17440 
8321 17440 7914 17439 
7914 17439 7914 17108 
7914 17108 8324 17113
8780 16896 8781 16593 
8781 16593 9470 16595 
9470 16595 10099 16594
10388 16382 9949 16387 
9949 16387 9949 15944 
9949 15944 9950 15415 
9950 15415 9193 15409 
9193 15409 9192 15954 
9192 15954 9193 16383 
9193 16383 8781 16382 
8781 16382 8782 15743 
8782 15743 8781 15417 
8781 15417 8324 15415 
8324 15415 8323 15912 
8323 15912 7679 15908 
7679 15908  7155 15908 
7155 15908 7156 16408 
7156 16408 6654 16406 
6654 16406 6663 16342 
7348 16407 7347 16117 
7347 16117 7807 16114 
7807 16114 8322 16116 
8322 16116 8323 16406 
8323 16406 7778 16410 
7778 16410 7348 16407
9383 16383 9383 16118 
9383 16118 9760 16119 
9760 16119 9760 16408 
9760 16408 9386 16401 
9386 16401 9383 16383
9382 15909 9384 15571 
9384 15571 9760 15570 
9760 15570 9759 15911 
9759 15911 9382 15909
8782 16900 9326 16901 
9326 16901 10100 16900 
10100 16900 10100 16592 
10289 16899 10289 16596 
10289 16596 10378 16596 
10289 16899 10354 16899 
9382 17109 9761 17109 