9113 -5013 9110 -4332 
9110 -4332 9167 -4094 
9167 -4094 9176 -3808 
9176 -3808 9296 -3556 
9296 -3556 9325 -3461 
9325 -3461 9354 -3192 
9354 -3192 9418 -2888 
9418 -2888 9511 -2704 
9511 -2704 9513 -2623 
9513 -2623 9566 -2525 
9566 -2525 9756 -2102 
9756 -2102 9758 -2063 
9758 -2063 9817 -1994 
9817 -1994 9819 -1948 
9819 -1948 10063 -1416 
10063 -1416 10471 -1001 
10471 -1001 10519 -930 
10519 -930 11296 -86 
11296 -86 11653 269 
11653 269 12001 519 
12001 519 12429 801 
12429 801 12741 988 
12741 988 12769 1040 
12769 1040 12836 1083 
12836 1083 12858 1111 
12858 1111 12966 1207 
12966 1207 13037 1256 
13037 1256 13234 1418 
13234 1418 13234 1468 
13234 1468 13324 1616 
13324 1616 13329 1665 
13329 1665 13357 1721 
13357 1721 13392 1829 
13392 1829 13419 1920 
13419 1920 13504 2136 
13504 2136 13512 2324 
13512 2324 13549 2478 
13549 2478 13606 2569 
13606 2569 13602 2615 
13602 2615 13941 3548 
13941 3548 13951 3671 
13951 3671 14000 3825 
14000 3825 14037 4300 
14037 4300 14060 4370 
14060 4370 14058 5284 
14058 5284 14035 5354 
14035 5354 14026 5815 
14026 5815 14006 5878 
14006 5878 14005 6352 
14005 6352 14031 6407 
14031 6407 14063 6557 
14063 6557 14128 6811 
14128 6811 14152 6835 
14152 6835 14216 6998 
14216 6998 14218 7045 
14218 7045 14331 7212 
14331 7212 14377 7332 
14377 7332 14463 7424 
14463 7424 14558 7608 
14558 7608 14618 7688 
14618 7688 14771 7986 
14771 7986 14773 8022 
14773 8022 14864 8187 
14864 8187 14869 8235 
14869 8235 15078 8474 
15078 8474 15080 8519 
15080 8519 15134 8602 
15134 8602 15167 8777 
15167 8777 15143 8811 
15143 8811 15134 8963 
15134 8963 15057 9053 
15057 9053 15019 9149 
15019 9149 14955 9360 
14955 9360 14802 9886 
14802 9886 14740 10132 
14740 10132 14677 10315 
14677 10315 14520 10601 
14520 10601 14495 10624 
14495 10624 14493 10683 
14493 10683 14323 10927 
14323 10927 14158 11057 
14158 11057 14127 11111 
14127 11111 14030 11188 
14030 11188 14009 11235 
14009 11235 13629 11427 
13629 11427 13386 11496 
13386 11496 13324 11515 
13324 11515 12697 11847 
12697 11847 12332 11986 
12332 11986 12099 12073 
12099 12073 11913 12164 
11913 12164 11826 12166 
11826 12166 11558 12282 
11558 12282 11352 12384 
11352 12384 11255 12477 
11255 12477 11171 12511 
11171 12511 11141 12563 
11141 12563 10999 12627 
10999 12627 10912 12681 
10912 12681 10653 12718 
10653 12718 10223 12723 
10223 12723 10089 12779 
10089 12779 9808 12970 
9808 12970 9734 13019 
9734 13019 9487 13144 
9487 13144 9393 13151 
9393 13151 9230 13184 
9230 13184 8680 13393 
8680 13393 8623 13397 
8623 13397 8439 13477 
8439 13477 7970 13599 
7970 13599 7805 13616 
7805 13616 7717 13640 
7717 13640 7532 13665 
7532 13665 7269 13732 
7269 13732 7020 13766 
7020 13766 6808 13825 
6808 13825 6562 13874 
6562 13874 6288 13949 
6288 13949 6055 13958 
6055 13958 6014 13977 
6014 13977 5780 14011 
5780 14011 5708 14010 
5708 14010 5575 14060 
5575 14060 5457 14071 
5457 14071 5434 14087 
5434 14087 5278 14111 
5278 14111 5237 14132 
5237 14132 5082 14139 
5082 14139 4855 14096 
4855 14096 4755 14048 
4755 14048 4563 13982 
4563 13982 4294 13767 
4294 13767 4182 13664 
4182 13664 4101 13615 
4101 13615 3887 13457 
3887 13457 3829 13455 
3829 13455 3727 13373 
3727 13373 3576 13328 
3576 13328 3530 13292 
3530 13292 3129 13063 
3129 13063 2949 12908 
2949 12908 2769 12741 
2769 12741 2677 12704 
2677 12704 2436 12571 
2436 12571 2347 12558 
2347 12558 2321 12533 
2321 12533 2172 12500 
2172 12500 2006 12433 
2006 12433 1796 12377 
1796 12377 1739 12350 
1739 12350 1242 12346 
1242 12346 1077 12383 
1077 12383 1019 12409 
1019 12409 934 12412 
934 12412 929 12437 
929 12437 901 12443 
901 12443 901 12466 
901 12466 810 12468 
810 12468 810 12441 
810 12441 732 12389 
732 12389 716 12315 
716 12315 689 12283 
689 12283 684 12001 
684 12001 660 11978 
660 11978 660 11874 
660 11874 623 11693 
623 11693 562 11510 
562 11510 539 11485 
539 11485 535 11174 
535 11174 626 11013 
626 11013 626 10992 
626 10992 661 10865 
661 10865 685 10838 
685 10838 689 10741 
689 10741 811 10495 
811 10495 812 10443 
812 10443 872 10373 
872 10373 876 10313 
876 10313 901 10283 
901 10283 920 10190 
920 10190 990 10086 
990 10086 994 10035 
994 10035 1024 10009 
1024 10009 1029 9917 
1029 9917 1052 9885 
1052 9885 1088 9750 
1088 9750 1089 9699 
1089 9699 1114 9638 
1114 9638 1121 9500 
1121 9500 1149 9392 
1149 9392 1147 8915 
1147 8915 1121 8765 
1121 8765 1121 8723 
1121 8723 1085 8489 
1085 8489 1058 8428 
1058 8428 1057 8382 
1057 8382 1017 8141 
1017 8141 1000 8104 
1000 8104 1006 7827 
1006 7827 1022 7804 
1022 7804 1029 7540 
1029 7540 971 7449 
971 7449 962 7322 
962 7322 941 7275 
941 7275 970 6885 
970 6885 993 6844 
993 6844 1001 6675 
1001 6675 1026 6646 
1026 6646 1057 6490 
1057 6490 1058 6444 
1058 6444 1093 6269 
1093 6269 1115 6230 
1115 6230 1141 6088 
1141 6088 1203 5829 
1203 5829 1213 5310 
1213 5310 1235 5238 
1235 5238 1241 4991 
1241 4991 